Tar (ND_Strategy 1.0)	Test	All: Net Profit	All: Gross Profit	All: Gross Loss	All: Total Trades	All: % Profitable	All: Winning Trades	All: Losing Trades	All: Max Winning Trade	All: Max Losing Trade	All: Avg Winning Trade	All: Avg Losing Trade	All: Win/Loss Ratio	All: Avg Trade	All: Max Consecutive Winners	All: Max Consecutive Losers	All: Avg Bars in Winner	All: Avg Bars in Loser	All: Max Intraday Drawdown	All: ProfitFactor	All: Max Contracts Held	All: Required Account Size	All: Return on Account
300.00	1	26477.6740504	198489.9151768	-172012.2411263	1023	69.4037146	710	313	769.2995854	-900.6792739	279.5632608	-549.5598758	0.5087039	25.8823793	17	6	30	56	-15008.4969942	1.1539290	1	15008.4969942	176.4178922
400.00	2	43317.1316861	242850.0722062	-199532.9405201	1022	64.4814090	659	363	769.2995854	-900.6792739	368.5130079	-549.6775221	0.6704167	42.3846690	16	6	43	66	-12430.8836535	1.2170926	1	12430.8836535	348.4638172
500.00	3	42817.4770736	273015.3276120	-230197.8505384	1016	58.5629921	595	421	769.2995854	-900.6792739	458.8492901	-546.7882436	0.8391718	42.1431861	10	6	55	77	-14731.6502109	1.1860029	1	14731.6502109	290.6495638
600.00	4	61147.1048395	306624.8449528	-245477.7401133	1008	55.2579365	557	451	1194.3914797	-900.6792739	550.4934380	-544.2965413	1.0113851	60.6618104	10	6	65	88	-12803.5913939	1.2490943	1	12803.5913939	477.5777589
700.00	5	63942.8078010	330370.9861553	-266428.1783544	1004	51.1952191	514	490	1194.3914797	-1186.0232148	642.7451093	-543.7309762	1.1821013	63.6880556	10	10	85	93	-11031.9126602	1.2400002	1	11031.9126602	579.6166972
800.00	6	81701.1900342	358470.4531842	-276769.2631501	1002	48.8023952	489	513	1194.3914797	-900.6792739	733.0684114	-539.5112342	1.3587639	81.5381138	9	12	100	102	-8821.3330954	1.2951960	1	8821.3330954	926.1773606
900.00	7	91550.8427855	378286.1861809	-286735.3433955	991	46.3168517	459	532	1194.3914797	-904.8135951	824.1529111	-538.9762094	1.5291081	92.3822833	9	12	124	106	-8662.8455110	1.3192869	1	8662.8455110	1056.8218338
1000.00	8	95382.3372302	392936.5334688	-297554.1962386	983	43.7436419	430	553	1946.8719838	-900.6792739	913.8058918	-538.0726876	1.6982945	97.0318792	7	12	148	110	-9388.9120221	1.3205545	1	9388.9120221	1015.9040473
1100.00	9	104784.8146740	402939.1355710	-298154.3208970	961	41.9354839	403	558	1946.8719838	-900.6792739	999.8489716	-534.3267400	1.8712314	109.0372681	7	12	172	122	-10283.4652457	1.3514449	1	10283.4652457	1018.9640571
1200.00	10	92258.3579774	400060.5613345	-307802.2033571	948	39.1350211	371	576	1946.8719838	-1122.5082725	1078.3303540	-534.3788253	2.0179137	97.3189430	6	13	197	126	-10584.3394001	1.2997326	1	10584.3394001	871.6496561
1300.00	11	96520.3465252	409582.4002144	-313062.0536892	941	37.7258236	355	585	1946.8719838	-1122.5082725	1153.7532400	-535.1488097	2.1559484	102.5721005	5	16	225	127	-10799.2912158	1.3083106	1	10799.2912158	893.7655685
1400.00	12	96378.8839339	412449.6905320	-316070.8065981	928	35.8836207	333	594	1946.8719838	-1122.5082725	1238.5876593	-532.1057350	2.3277097	103.8565560	5	16	242	134	-14316.5575415	1.3049281	1	14316.5575415	673.1987327
1500.00	13	98203.7041392	420033.8789671	-321830.1748279	929	34.3379978	319	609	1946.8719838	-900.6792739	1316.7206237	-528.4567731	2.4916335	105.7090464	5	16	269	137	-13763.3665819	1.3051414	1	13763.3665819	713.5151386
1600.00	14	100130.4310513	425967.8475700	-325837.4165187	929	33.1539290	308	620	2074.1109323	-900.6792739	1383.0124921	-525.5442202	2.6315816	107.7830259	5	16	294	140	-13771.5424672	1.3073018	1	13771.5424672	727.0821790
1700.00	15	101574.2097395	419988.5759937	-318414.3662542	901	32.7413984	295	605	1946.8719838	-900.6792739	1423.6900881	-526.3047376	2.7050680	112.7349720	5	16	338	143	-14409.1067892	1.3190001	1	14409.1067892	704.9306472
1800.00	16	94802.0427146	404925.9078257	-310123.8651112	868	31.6820276	275	592	2058.7193035	-852.8784811	1472.4578466	-523.8578803	2.8107964	109.2189432	5	17	369	150	-14932.2341392	1.3056909	1	14932.2341392	634.8818391
1900.00	17	86153.3737460	401312.5063329	-315159.1325869	866	30.6004619	265	600	2439.7191582	-762.3994406	1514.3868164	-525.2652210	2.8830898	99.4842653	7	17	404	149	-14238.9020650	1.2733647	1	14238.9020650	605.0562983
2000.00	18	96365.2607202	406595.2395261	-310229.9788059	853	30.4806565	260	592	2529.6959925	-762.3994406	1563.8278443	-524.0371264	2.9841928	112.9721697	5	17	420	152	-14957.9584766	1.3106252	1	14957.9584766	644.2407289
2100.00	19	102502.0233656	412512.0303051	-310010.0069395	850	30.2352941	257	592	2529.6959925	-762.3994406	1605.1051763	-523.6655523	3.0651342	120.5906157	7	17	444	153	-15385.7419994	1.3306410	1	15385.7419994	666.2143650
2200.00	20	94173.0945392	405057.4312496	-310884.3367103	837	28.6738351	240	596	2529.6959925	-762.3994406	1687.7392969	-521.6180146	3.2355848	112.5126578	5	17	460	154	-15197.1075200	1.3029200	1	15197.1075200	619.6777539
2300.00	21	104611.3355065	413032.6160865	-308421.2805800	825	28.6060606	236	588	2580.7318930	-762.3994406	1750.1382038	-524.5259874	3.3366091	126.8016188	5	17	484	153	-15013.4227220	1.3391833	1	15013.4227220	696.7853863
2400.00	22	112750.2405951	416277.7825897	-303527.5419946	815	28.7116564	234	580	2696.1142570	-762.3994406	1778.9648829	-523.3233483	3.3993608	138.3438535	5	17	504	156	-14829.7379240	1.3714663	1	14829.7379240	760.2982681
2500.00	23	111860.6222126	409304.5731759	-297443.9509633	796	28.8944724	230	565	2991.7367116	-762.3994406	1779.5851008	-526.4494707	3.3803531	140.5284199	5	17	528	154	-14642.8533345	1.3760729	1	14642.8533345	763.9263992
2600.00	24	104450.1434283	407820.8361297	-303370.6927015	798	27.8195489	222	575	2991.7367116	-1081.5761119	1837.0307934	-527.6012047	3.4818548	130.8899040	5	17	542	152	-14458.8565156	1.3442987	1	14458.8565156	722.3956010
2700.00	25	103532.9711743	405079.5280314	-301546.5568570	789	27.3764259	216	572	3021.2494545	-1081.5761119	1875.3681853	-527.1792952	3.5573631	131.2204958	5	17	569	153	-14272.7546748	1.3433399	1	14272.7546748	725.3888512
2800.00	26	102713.4986380	401917.1161366	-299203.6174987	781	27.0166453	211	569	3133.1475824	-1081.5761119	1904.8204556	-525.8411555	3.6224256	131.5153632	5	17	588	155	-14087.0074257	1.3432896	1	14087.0074257	729.1363988
2900.00	27	109397.1655262	403485.4888164	-294088.3232902	770	27.2727273	210	559	3246.6443349	-1081.5761119	1921.3594706	-526.0971794	3.6520999	142.0742409	5	16	621	154	-13902.3069181	1.3719875	1	13902.3069181	786.8993698
3000.00	28	102798.8966801	396738.3622282	-293939.4655481	767	26.7275098	205	561	3361.6460860	-1081.5761119	1935.3090840	-523.9562666	3.6936462	134.0272447	4	16	637	157	-13713.9970884	1.3497281	1	13713.9970884	749.5910639
3100.00	29	111373.1649954	403931.7938564	-292558.6288610	764	26.9633508	206	557	3475.9208467	-1081.5761119	1960.8339508	-525.2399082	3.7332159	145.7763940	4	16	645	156	-13529.5931417	1.3806867	1	13529.5931417	823.1819230
3200.00	30	122251.5378221	415487.4964753	-293235.9586531	764	26.9633508	206	557	3592.1153426	-1081.5761119	2016.9295945	-526.4559401	3.8311460	160.0151019	4	16	654	153	-13336.1560181	1.4169050	1	13336.1560181	916.6924686
3300.00	31	111880.6911557	404466.1782629	-292585.4871073	758	26.5171504	201	555	3711.3264296	-1081.5761119	2012.2695436	-527.1810579	3.8170369	147.5998564	4	18	686	155	-13707.4794043	1.3823863	1	13707.4794043	816.2017819
3400.00	32	120549.1657428	412075.2599507	-291526.0942079	755	26.6225166	201	553	3818.6798245	-1081.5761119	2050.1256714	-527.1719606	3.8889126	159.6677692	4	18	702	154	-14072.9102194	1.4135107	1	14072.9102194	856.6043829
3500.00	33	126817.8135810	408725.2540878	-281907.4405069	736	27.0380435	199	536	3935.1486601	-1081.5761119	2053.8957492	-525.9467174	3.9051404	172.3068119	4	18	731	158	-13884.8999962	1.4498562	1	13884.8999962	913.3505723
3600.00	34	131966.5382657	415041.0360424	-283074.4977768	737	27.0013569	199	537	4047.2177044	-1081.5761119	2085.6333469	-527.1405918	3.9565030	179.0590750	4	18	747	155	-13139.2311007	1.4661901	1	13139.2311007	1004.3703262
3700.00	35	133264.0014338	413810.6087648	-280546.6073310	732	27.0491803	198	533	4133.7590022	-1081.5761119	2089.9525695	-526.3538599	3.9706227	182.0546468	5	18	756	155	-12962.2784331	1.4750156	1	12962.2784331	1028.0908725
3800.00	36	133102.7994954	408576.8218953	-275474.0223999	719	27.1210014	195	523	4244.2636853	-1081.5761119	2095.2657533	-526.7189721	3.9779576	185.1221133	5	18	778	158	-13335.3822753	1.4831773	1	13335.3822753	998.1176148
3900.00	37	122410.5586093	405707.0298452	-283296.4712359	731	26.2653899	192	538	4355.1275395	-1081.5761119	2113.0574471	-526.5733666	4.0128453	167.4563045	5	24	782	156	-15962.9914884	1.4320935	1	15962.9914884	766.8397161
4000.00	38	126445.1529762	406290.9438863	-279845.7909101	723	26.4177040	191	531	4485.6917943	-1081.5761119	2127.1777167	-527.0165554	4.0362636	174.8895615	5	24	795	157	-15875.3605906	1.4518387	1	15875.3605906	796.4868089
4100.00	39	129438.6120442	406778.6887862	-277340.0767420	717	26.2203626	188	528	4581.4523371	-1081.5761119	2163.7164297	-525.2652969	4.1192830	180.5280503	5	24	809	157	-15787.7296928	1.4667144	1	15787.7296928	819.8684330
4200.00	40	124885.1917739	403162.7176951	-278277.5259212	715	25.8741259	185	529	4693.4682867	-1081.5761119	2179.2579335	-526.0444724	4.1427257	174.6646039	5	24	826	158	-16203.8813505	1.4487793	1	16203.8813505	770.7115911
4300.00	41	123800.8869929	404404.9692490	-280604.0822561	717	25.3835425	182	534	4804.4618201	-1081.5761119	2222.0053255	-525.4758095	4.2285587	172.6651144	4	24	838	158	-16116.2504528	1.4411942	1	16116.2504528	768.1742559
4400.00	42	123968.5975535	401206.7329852	-277238.1354317	707	25.3182461	179	527	4923.2907370	-1081.5761119	2241.3783966	-526.0685682	4.2606203	175.3445510	4	24	858	160	-16029.6282891	1.4471556	1	16029.6282891	773.3716298
4500.00	43	129491.6875053	404523.9619616	-275032.2744563	700	25.5714286	179	520	5037.6423132	-1081.5761119	2259.9104020	-528.9082201	4.2727837	184.9881250	4	24	869	157	-16445.9074076	1.4708236	1	16445.9074076	787.3794026
4600.00	44	134808.9332412	409583.3505532	-274774.4173120	697	25.3945481	177	519	5164.7894019	-1081.5761119	2314.0302291	-529.4304765	4.3707915	193.4131036	4	24	880	158	-15346.2676007	1.4906168	1	15346.2676007	878.4476900
4700.00	45	130407.8902675	405908.7410348	-275500.8507673	697	25.1076040	175	521	5277.3120468	-1081.5761119	2319.4785202	-528.7924199	4.3863687	187.0988383	4	24	896	157	-15795.2604771	1.4733484	1	15795.2604771	825.6140534
4800.00	46	133706.7267750	408848.6578519	-275141.9310769	696	25.1436782	175	520	5389.8346918	-1081.5761119	2336.2780449	-529.1190982	4.4154105	192.1073661	4	24	909	156	-15674.5356742	1.4859555	1	15674.5356742	853.0187404
4900.00	47	133532.6711602	406330.9053665	-272798.2342063	692	25.2890173	175	516	5502.3573367	-1081.5761119	2321.8908878	-528.6787485	4.3918748	192.9662878	4	24	924	155	-15080.9663676	1.4894924	1	15080.9663676	885.4384255
5000.00	48	132175.4650595	397562.0713512	-265386.6062917	675	25.3333333	171	503	5614.8799816	-1081.5761119	2324.9243939	-527.6075672	4.4065410	195.8155038	4	24	955	160	-15529.9592439	1.4980487	1	15529.9592439	851.0998837
